# R script for Peak Model
#  -- generated by MACS
p <- c(0.0129832146579,0.0135416324927,0.0141698525568,0.0146584681622,0.0151470837676,0.0155658971436,0.0159847105197,0.0164733261251,0.0172411506479,0.0180089751706,0.0187069974641,0.0193352175282,0.0201728442803,0.0204520531977,0.0211500754911,0.0221273067019,0.0230347356834,0.0241515713529,0.0245005824996,0.0242213735822,0.0244307802703,0.0242911758116,0.0244307802703,0.0244307802703,0.0242213735822,0.0242911758116,0.0238025602062,0.0240817691235,0.0242213735822,0.0244307802703,0.0242213735822,0.0238723624355,0.0233837468301,0.0232441423714,0.0228253289954,0.022546120078,0.0222669111606,0.0224763178486,0.0224763178486,0.0224763178486,0.0226159223073,0.0228253289954,0.0231045379127,0.0232441423714,0.0231045379127,0.0226857245367,0.0230347356834,0.0228951312247,0.02233671339,0.0224763178486,0.0221273067019,0.0217084933259,0.0212896799498,0.0206614598857,0.0204520531977,0.0199634375923,0.0196842286749,0.0196842286749,0.0194050197575,0.0198936353629,0.0199634375923,0.0200332398216,0.0209406688031,0.0205916576564,0.020731262115,0.0208708665737,0.0212896799498,0.0212896799498,0.0214990866378,0.0212198777205,0.0211500754911,0.0214292844085,0.0220575044726,0.0220575044726,0.0220575044726,0.0219877022432,0.0221273067019,0.0219877022432,0.0219877022432,0.0219877022432,0.0218480977845,0.0220575044726,0.0212896799498,0.0214990866378,0.0221273067019,0.02233671339,0.0228951312247,0.022755526766,0.0231743401421,0.0233139446008,0.0235931535181,0.0238723624355,0.0239421646649,0.0239421646649,0.0240817691235,0.0238723624355,0.0239421646649,0.0235931535181,0.0231045379127,0.0230347356834,0.0231045379127,0.0228951312247,0.0224763178486,0.0226159223073,0.022546120078,0.0226159223073,0.022755526766,0.0224065156193,0.0219179000139,0.0217782955552,0.0220575044726,0.0222669111606,0.0221971089313,0.0221273067019,0.02233671339,0.0224065156193,0.0224065156193,0.0224763178486,0.022755526766,0.022546120078,0.0221971089313,0.0220575044726,0.0217782955552,0.0220575044726,0.0214990866378,0.0214292844085,0.0208708665737,0.0203822509683,0.0206614598857,0.020731262115,0.0210802732618,0.0210802732618,0.0209406688031,0.0211500754911,0.0213594821791,0.0215688888672,0.0218480977845,0.0221273067019,0.0220575044726,0.0222669111606,0.0221971089313,0.0222669111606,0.0220575044726,0.0222669111606,0.0224065156193,0.02233671339,0.0219877022432,0.0220575044726,0.0220575044726,0.0220575044726,0.0212198777205,0.0211500754911,0.0212198777205,0.0217084933259,0.0219179000139,0.0219877022432,0.0221971089313,0.0221273067019,0.0222669111606,0.0224065156193,0.022546120078,0.0224763178486,0.0231743401421,0.0236629557475,0.0237327579768,0.0233837468301,0.0233139446008,0.0232441423714,0.0235233512888,0.0232441423714,0.0233139446008,0.0231743401421,0.0228951312247,0.0224065156193,0.0226857245367,0.022546120078,0.0228951312247,0.0231743401421,0.0237327579768,0.0236629557475,0.0238723624355,0.0240817691235,0.0241515713529,0.0244307802703,0.0240119668942,0.0245005824996,0.0252684070224,0.0252684070224,0.0254778137104,0.0247099891876,0.0244307802703,0.0244307802703,0.0242911758116,0.0246401869583,0.0245703847289,0.0242911758116,0.0246401869583,0.0250590003344,0.024989198105,0.0253382092517,0.0250590003344,0.0253382092517,0.0254080114811,0.0257570226278,0.0254778137104,0.0256174181691,0.025198604793,0.0252684070224,0.0252684070224,0.0253382092517,0.025198604793,0.0258268248571,0.0256174181691,0.0253382092517,0.0250590003344,0.0251288025637,0.025198604793,0.0252684070224,0.0253382092517,0.024989198105,0.0255476159398,0.0256872203984,0.0255476159398,0.0253382092517,0.0251288025637,0.0255476159398,0.0255476159398,0.0258268248571,0.0260362315452,0.0266644516093,0.0269436605266,0.0271530672147,0.027013462756,0.027222869444,0.0266644516093,0.0261060337745,0.0263154404625,0.0263852426919,0.0260362315452,0.0254080114811,0.0259664293158,0.0263154404625,0.0268040560679,0.0271530672147,0.027222869444,0.0275718805907,0.0277114850494,0.0270832649853,0.0272926716733,0.0277114850494,0.0277114850494,0.0281302984255,0.0283397051135,0.0282699028842,0.0284793095722,0.0284095073428,0.0282001006548,0.0278510895081,0.0279906939668,0.0285491118015,0.0287585184896,0.0285491118015,0.0287585184896,0.0291075296363,0.0295961452417,0.0288981229483,0.0284095073428,0.0286189140309,0.0286189140309,0.0280604961961,0.0288981229483,0.029456540783,0.029456540783,0.029456540783,0.0293867385537,0.0305733764525,0.0303639697645,0.0303639697645,0.0304337719938,0.0302941675351,0.0302243653058,0.0305035742232,0.0303639697645,0.0310619920579,0.0311317942872,0.0313412009753,0.0316204098927,0.031480805434,0.0310619920579,0.0311317942872,0.0309921898286,0.0319694210394,0.0324580366448,0.0333654656262,0.0329466522502,0.0333654656262,0.0339936856903,0.0344124990664,0.0348313124425,0.0350407191305,0.0343426968371,0.0344823012957,0.0350407191305,0.0349709169011,0.0349709169011,0.0353897302772,0.0348313124425,0.0352501258185,0.0357387414239,0.0362971592587,0.0367857748641,0.0367159726347,0.0371347860108,0.0379724127629,0.038391226139,0.038391226139,0.0391590506618,0.0391590506618,0.0392288528911,0.0395778640378,0.0403456885606,0.0400664796432,0.0404852930193,0.0409739086247,0.0418813376062,0.0424397554409,0.0427887665876,0.043067975505,0.0431377777343,0.0427189643583,0.0436961955691,0.0434169866517,0.0436961955691,0.0440452067158,0.0447432290092,0.0451620423853,0.0459996691374,0.0465580869722,0.0472561092656,0.0480937360177,0.0491407694579,0.0494897806046,0.0506066162741,0.0503972095861,0.0510952318795,0.0510254296502,0.0513046385675,0.051793254173,0.0521422653197,0.0519328586316,0.052002660861,0.0529100898424,0.0534685076772,0.054445738888,0.0549343544934,0.0543061344293,0.0545155411174,0.0551437611814,0.0556323767868,0.0559813879336,0.0561907946216,0.0567492124563,0.0577264436672,0.0578660481258,0.058703674878,0.0594016971714,0.0601695216942,0.0610769506757,0.0607279395289,0.061356159593,0.0614259618224,0.0620541818865,0.0624031930332,0.0628918086386,0.063171017556,0.0637294353907,0.0653348866656,0.0665215245645,0.0669403379405,0.0688249981328,0.0688249981328,0.0695230204262,0.0709888672424,0.0716170873065,0.072733922976,0.0735017474988,0.0744091764803,0.0753864076911,0.0761542322139,0.0771314634247,0.0781086946355,0.0793651347637,0.0806215748919,0.0820176194787,0.0827156417722,0.0841814885884,0.085926544322,0.0864849621567,0.0875319955969,0.0902542825413,0.0919295360455,0.0938141962378,0.0938839984671,0.0949310319073,0.0970250987876,0.0979325277691,0.0996077812733,0.10107362809,0.103237497199,0.104424135098,0.106727608666,0.108193455483,0.10951969784,0.110706335739,0.112870204849,0.114126644977,0.116150909628,0.117407349756,0.119222207719,0.120897461223,0.122572714727,0.124736583837,0.127947486387,0.130669773331,0.13290344467,0.134788104862,0.136533160596,0.138836634164,0.141489118879,0.14351338353,0.14567725264,0.146514879392,0.148050528438,0.149795584171,0.151959453281,0.152727277804,0.154402531308,0.156496598188,0.16054512749,0.163825832269,0.167106537049,0.170247637369,0.172481308708,0.174505573359,0.175971420175,0.179880345018,0.181485796293,0.183440258715,0.185464523366,0.189582854897,0.192165537383,0.195446242162,0.199215562547,0.202845278473,0.205567565417,0.208150247903,0.209546292489,0.21157055714,0.213525019562,0.215409679754,0.21910919791,0.221482473707,0.225321596321,0.227764674348,0.23076617021,0.234954303971,0.239980064483,0.24458701162,0.247867716399,0.25198604793,0.255825170544,0.259315282011,0.262246975644,0.264410844754,0.268110362909,0.270972254312,0.273903947944,0.277812872788,0.280953973108,0.284793095722,0.288702020565,0.291214900822,0.294844616747,0.300079783948,0.303151082039,0.306710995736,0.310340711662,0.314528845422,0.317809550201,0.321927881733,0.326255619952,0.330094742566,0.336446745436,0.340634879197,0.345102221875,0.351035411369,0.355014138442,0.359970096725,0.367159726347,0.373162718071,0.377141445143,0.382446414574,0.384261272537,0.389356835279,0.394452398021,